NACs {(249, 253), (96, 224), (193, 195), (82, 86), (248, 252), (125, 126), (34, 52), (26, 94), (99, 115), (17, 25), (142, 174), (232, 229), (232, 248), 
(89, 94), (54, 118), (104, 44), (25, 26), (49, 53), (202, 219), (237, 253), (12, 28), (27, 28), (17, 209), (202, 214), (2, 6), (147, 211), (121, 101), 
(172, 167), (180, 244), (57, 59), (242, 243), (142, 143), (186, 202), (229, 214), (242, 254), (243, 244), (99, 227), (8, 12), (109, 110), (217, 229), 
(23, 151), (8, 136), (142, 206), (172, 252), (136, 132), (96, 28), (186, 252), (229, 245), (206, 238), (123, 127), (96, 104), (249, 252), (176, 172), 
(56, 52), (219, 247), (225, 162), (172, 180), (147, 179), (82, 98), (136, 76), (183, 247), (217, 249), (107, 123), (197, 214), (151, 167), (186, 174), 
(48, 176), (205, 141), (86, 23), (216, 220), (182, 214), (136, 139), (57, 121), (49, 52), (201, 202), (162, 182), (206, 207), (210, 242), (86, 134), 
(27, 31), (162, 165), (66, 78), (219, 214), (216, 232), (186, 123), (205, 206), (73, 201), (211, 219), (128, 176), (248, 247), (256, 254), (73, 69),
 (107, 111), (28, 44), (59, 60), (49, 113), (243, 247), (128, 60), (113, 101), (182, 183), (134, 6), (253, 254), (78, 94), (113, 225), (129, 165), 
 (89, 91), (210, 211), (227, 243), (174, 175), (96, 176), (216, 214), (107, 172), (17, 82), (136, 152), (155, 219), (205, 237), (232, 172), (25, 57), 
 (139, 155), (48, 111), (54, 6), (217, 214), (152, 180), (73, 78), (115, 179), (45, 109), (238, 254), (69, 134), (101, 109), (214, 238), (217, 237), 
 (56, 248), (126, 127), (130, 131), (8, 7), (162, 227), (179, 180), (17, 49), (9, 6), (237, 238), (155, 175), (132, 196), (60, 252), (115, 123), 
 (53, 101), (165, 182), (139, 143), (195, 196), (129, 193), (3, 4), (123, 252), (121, 118), (69, 101), (56, 60), (219, 207), (104, 86), (100, 132), 
 (131, 139), (59, 63), (100, 116), (73, 89), (129, 130), (232, 238), (186, 182), (225, 242), (186, 42), (136, 134), (44, 60), (196, 244), (1, 129), 
 (200, 207), (27, 23), (214, 151), (53, 245), (42, 107), (152, 156), (197, 134), (185, 249), (111, 127), (25, 45), (186, 126), (98, 118), (211, 227), 
 (195, 211), (26, 42), (48, 96), (56, 54), (98, 101), (86, 214), (141, 142), (104, 118), (156, 28), (185, 186), (113, 98), (1, 69), (176, 256), (101, 118), 
 (179, 183), (156, 172), (186, 172), (143, 207), (210, 214), (104, 152), (56, 104), (242, 182), (66, 82), (186, 155), (1, 17), (146, 147), (110, 111), 
 (94, 95), (232, 167), (134, 182), (3, 7), (227, 167), (162, 174), (26, 6), (123, 118), (6, 7), (3, 131), (95, 111), (57, 45), (73, 75), (110, 174), 
 (162, 98), (126, 254), (4, 52), (155, 156), (224, 220), (123, 183), (128, 256), (130, 134), (224, 207), (185, 165), (116, 180), (121, 185), (134, 151), 
 (86, 6), (101, 86), (91, 95), (115, 116), (17, 101), (59, 123), (89, 101), (91, 107), (176, 175), (78, 142), (134, 214), (131, 132), (167, 183), 
 (79, 143), (86, 94), (63, 127), (104, 100), (219, 238), (162, 242), (130, 146), (79, 95), (34, 42), (17, 34), (152, 216), (113, 118), (45, 31),
 (9, 25), (48, 44), (134, 142), (73, 141), (107, 167), (69, 197), (48, 63), (101, 165), (128, 116), (245, 182), (104, 172), (156, 220), (165, 167), 
 (89, 121), (209, 225), (73, 9), (200, 202), (42, 110), (152, 151), (34, 98), (69, 86), (219, 220), (202, 139), (179, 243), (27, 59), (75, 139), 
 (104, 107), (220, 252), (12, 76), (202, 134), (245, 247), (99, 107), (34, 54), (131, 147), (56, 23), (75, 76), (31, 63), (232, 227), (104, 23), 
 (104, 128), (49, 34), (225, 229), (202, 206), (48, 128), (201, 197), (45, 63), (139, 134), (96, 156), (200, 196), (121, 125), (195, 207), (48, 31),
 (86, 118), (172, 44), (100, 4), (89, 25), (193, 209), (141, 165), (217, 219), (98, 99), (96, 95), (2, 34), (57, 53), (249, 245), (98, 110), 
 (104, 101), (143, 175), (59, 54), (248, 244), (57, 42), (242, 245), (229, 165), (125, 253), (118, 182), (91, 155), (27, 91), (132, 4), 
 (26, 86), (42, 44), (42, 59), (109, 125), (75, 91), (82, 146), (42, 54), (48, 45), (111, 175), (31, 95), (132, 180), (89, 86), (216, 211),
 (225, 227), (86, 151), (110, 126), (229, 237), (89, 109), (186, 254), (2, 3), (121, 123), (1, 9), (156, 76), (167, 175), (53, 54), (96, 76),
 (104, 232), (66, 130), (2, 66), (75, 79), (147, 151), (9, 12), (8, 4), (113, 115), (109, 237), (197, 229), (185, 141), (209, 217), (128, 127), 
 (104, 167), (115, 118), (99, 167), (66, 69), (200, 197), (201, 217), (107, 44), (1, 2), (75, 7), (162, 167), (224, 256), (96, 128), (200, 216),
 (54, 23), (162, 146), (94, 110), (42, 101), (193, 197), (136, 200), (210, 146), (174, 238), (99, 100), (7, 23), (256, 252), (155, 151), (8, 56),
 (69, 6), (129, 141), (42, 45), (116, 52), (89, 217), 
(176, 224), (78, 79), (113, 121), (91, 86), (209, 210), (201, 205), (26, 27), (131, 195), (162, 179), (66, 75), (56, 183), (118, 126)}